# Auto-generated Opening Book
# Max opening moves: 10
# Format: sequence -> move (score) [depth]
# Generated entries: 1474

 -> 33 (5000) [1]
33 -> 14 (4000) [1]
11 -> 33 (4500) [1]
12 -> 33 (4500) [1]
13 -> 33 (4500) [1]
22 -> 33 (4500) [1]
23 -> 33 (4500) [1]
33,23 -> 41 (-61) [6]
33,23,42 -> 45 (74) [6]
33,23,42,54 -> 11 (-259) [6]
33,23,42,54,52 -> 31 (10000) [6]
33,23,42,54,22 -> 31 (10000) [6]
33,23,42,54,25 -> 31 (10000) [6]
33,23,42,54,55 -> 31 (10000) [6]
33,23,42,54,21 -> 44 (10000) [6]
33,23,42,35 -> 54 (474) [6]
33,23,42,35,11 -> 52 (936) [6]
33,23,42,35,12 -> 52 (753) [6]
33,23,42,35,21 -> 24 (771) [6]
33,23,42,35,52 -> 22 (551) [6]
33,23,42,35,22 -> 52 (753) [6]
33,23,42,21 -> 54 (489) [6]
33,23,42,21,11 -> 52 (591) [6]
33,23,42,21,52 -> 14 (496) [6]
33,23,42,21,24 -> 22 (921) [6]
33,23,42,21,25 -> 52 (731) [6]
33,23,42,21,35 -> 24 (771) [6]
33,23,42,22 -> 52 (241) [6]
33,23,42,22,34 -> 12 (1228) [6]
33,23,42,22,12 -> 32 (753) [6]
33,23,42,22,25 -> 24 (781) [6]
33,23,42,22,35 -> 12 (1146) [6]
33,23,42,22,54 -> 25 (1073) [6]
33,23,42,25 -> 22 (146) [6]
33,23,42,25,11 -> 54 (454) [6]
33,23,42,25,55 -> 54 (454) [6]
33,23,42,25,44 -> 52 (176) [6]
33,23,42,25,14 -> 34 (176) [6]
33,23,42,25,52 -> 54 (361) [6]
33,23,22 -> 25 (434) [6]
33,23,22,15 -> 52 (666) [6]
33,23,22,15,14 -> 34 (10000) [6]
33,23,22,15,54 -> 34 (10000) [6]
33,23,22,15,12 -> 34 (10000) [6]
33,23,22,15,55 -> 34 (1131) [6]
33,23,22,15,51 -> 34 (1376) [6]
33,23,22,52 -> 15 (10000) [6]
33,23,22,52,54 -> 35 (10000) [6]
33,23,22,52,32 -> 35 (10000) [6]
33,23,22,52,42 -> 35 (10000) [6]
33,23,22,52,55 -> 35 (10000) [6]
33,23,22,52,35 -> 42 (10000) [6]
33,23,22,35 -> 52 (576) [6]
33,23,22,35,42 -> 34 (10000) [6]
33,23,22,35,51 -> 42 (10000) [6]
33,23,22,35,41 -> 34 (10000) [6]
33,23,22,35,54 -> 34 (10000) [6]
33,23,22,35,31 -> 42 (10000) [6]
33,23,22,32 -> 15 (10000) [6]
33,23,22,32,55 -> 35 (10000) [6]
33,23,22,32,51 -> 35 (10000) [6]
33,23,22,32,35 -> 13 (16715) [6]
33,23,22,32,54 -> 35 (10000) [6]
33,23,22,32,52 -> 35 (10000) [6]
33,23,22,42 -> 52 (708) [6]
33,23,22,42,41 -> 15 (10000) [6]
33,23,22,42,54 -> 34 (10000) [6]
33,23,22,42,35 -> 34 (10000) [6]
33,23,22,42,12 -> 32 (578) [6]
33,23,22,42,55 -> 34 (10000) [6]
33,23,21 -> 22 (-394) [6]
33,23,21,54 -> 24 (-1301) [6]
33,23,21,54,43 -> 32 (31) [6]
33,23,21,54,44 -> 52 (-474) [6]
33,23,21,54,32 -> 43 (-444) [6]
33,23,21,54,42 -> 32 (-889) [6]
33,23,21,54,15 -> 32 (-634) [6]
33,23,21,55 -> 45 (-189) [6]
33,23,21,55,11 -> 54 (346) [6]
33,23,21,55,52 -> 54 (424) [6]
33,23,21,55,42 -> 54 (346) [6]
33,23,21,55,44 -> 52 (581) [6]
33,23,21,55,54 -> 52 (-2297) [6]
33,23,21,45 -> 55 (-794) [6]
33,23,21,45,52 -> 44 (10000) [6]
33,23,21,45,12 -> 44 (10000) [6]
33,23,21,45,44 -> 15 (-199) [6]
33,23,21,45,42 -> 44 (10000) [6]
33,23,21,45,54 -> 44 (10000) [6]
33,23,21,42 -> 35 (-69) [6]
33,23,21,42,11 -> 32 (1108) [6]
33,23,21,42,55 -> 54 (46) [6]
33,23,21,42,45 -> 32 (10000) [6]
33,23,21,42,34 -> 55 (10000) [6]
33,23,21,42,44 -> 45 (-624) [6]
33,23,21,44 -> 52 (168) [6]
33,23,21,44,42 -> 25 (528) [6]
33,23,21,44,54 -> 32 (10000) [6]
33,23,21,44,45 -> 25 (10000) [6]
33,23,21,44,32 -> 25 (4813) [6]
33,23,21,44,15 -> 25 (553) [6]
33,23,22,42,34 -> 21 (10000) [6]
33,23,22,42,52 -> 21 (10000) [6]
33,23,22,42,45 -> 21 (10000) [6]
33,23,22,42,25 -> 21 (10000) [6]
33,23,22,31 -> 12 (471) [6]
33,23,22,31,14 -> 52 (496) [6]
33,23,22,31,15 -> 14 (10000) [6]
33,23,22,31,25 -> 24 (496) [6]
33,23,22,31,35 -> 14 (10000) [6]
33,23,22,31,52 -> 14 (10000) [6]
33,23,22,34 -> 31 (10000) [6]
33,23,22,34,52 -> 21 (10000) [6]
33,23,22,34,14 -> 21 (10000) [6]
33,23,22,34,51 -> 21 (10000) [6]
33,23,22,34,25 -> 21 (10000) [6]
33,23,22,34,42 -> 21 (10000) [6]
33,23,22,52,51 -> 21 (10000) [6]
33,23,22,52,25 -> 21 (10000) [6]
33,23,22,25 -> 24 (1511) [6]
33,23,22,25,52 -> 31 (10000) [6]
33,23,22,25,45 -> 31 (10000) [6]
33,23,22,25,42 -> 31 (10000) [6]
33,23,22,25,15 -> 31 (10000) [6]
33,23,22,25,31 -> 14 (10000) [6]
33,23,42,11 -> 25 (101) [6]
33,23,42,11,54 -> 55 (181) [6]
33,23,42,11,55 -> 52 (476) [6]
33,23,42,11,52 -> 14 (96) [6]
33,23,42,11,35 -> 52 (456) [6]
33,23,42,11,21 -> 54 (334) [6]
11,33 -> 24 (-10000) [6]
11,33,35 -> 23 (-10000) [6]
11,33,35,54 -> 22 (-10000) [6]
11,33,35,54,51 -> 14 (-10000) [6]
11,33,35,54,13 -> 51 (-10000) [6]
11,33,35,54,53 -> 51 (-10000) [6]
11,33,35,54,14 -> 51 (-10000) [6]
11,33,35,54,24 -> 51 (-10000) [6]
11,33,35,15 -> 22 (-10000) [6]
11,33,35,15,54 -> 51 (-10000) [6]
11,33,35,15,13 -> 51 (-10000) [6]
11,33,35,15,45 -> 51 (-10000) [6]
11,33,35,15,14 -> 51 (-10000) [6]
11,33,35,15,44 -> 51 (-10000) [6]
11,33,35,45 -> 22 (-10000) [6]
11,33,35,45,15 -> 51 (-10000) [6]
11,33,35,45,54 -> 51 (-10000) [6]
11,33,35,45,53 -> 51 (-10000) [6]
11,33,35,45,14 -> 51 (-10000) [6]
11,33,35,45,24 -> 51 (-10000) [6]
11,33,35,14 -> 22 (-10000) [6]
11,33,35,14,51 -> 34 (-10000) [6]
11,33,35,14,53 -> 51 (-10000) [6]
11,33,35,14,25 -> 51 (-10000) [6]
11,33,35,14,15 -> 51 (-10000) [6]
11,33,35,14,54 -> 51 (-10000) [6]
11,33,35,25 -> 51 (-10000) [6]
11,33,35,25,13 -> 22 (-10000) [6]
11,33,35,25,53 -> 22 (-10000) [6]
11,33,35,25,14 -> 22 (-10000) [6]
11,33,35,25,54 -> 22 (-10000) [6]
11,33,35,25,55 -> 22 (-10000) [6]
11,33,45 -> 32 (-10000) [6]
11,33,45,53 -> 22 (-10000) [6]
11,33,45,53,15 -> 41 (-10000) [6]
11,33,45,53,31 -> 15 (-10000) [6]
11,33,45,53,35 -> 15 (-10000) [6]
11,33,45,53,41 -> 15 (-10000) [6]
11,33,45,53,42 -> 15 (-10000) [6]
11,33,45,51 -> 22 (-10000) [6]
11,33,45,51,53 -> 15 (-10000) [6]
11,33,45,51,31 -> 15 (-10000) [6]
11,33,45,51,55 -> 15 (-10000) [6]
11,33,45,51,41 -> 15 (-10000) [6]
11,33,45,51,52 -> 15 (-10000) [6]
11,33,45,52 -> 31 (-10000) [6]
11,33,45,52,15 -> 41 (-10000) [6]
11,33,45,52,53 -> 15 (-10000) [6]
11,33,45,52,41 -> 15 (-10000) [6]
11,33,45,52,55 -> 15 (-10000) [6]
11,33,45,52,54 -> 15 (-10000) [6]
11,33,45,55 -> 22 (-10000) [6]
11,33,45,55,52 -> 15 (-10000) [6]
11,33,45,55,53 -> 15 (-10000) [6]
11,33,45,55,41 -> 15 (-10000) [6]
11,33,45,55,54 -> 34 (-723) [6]
11,33,45,55,51 -> 15 (-10000) [6]
11,33,45,54 -> 15 (-10000) [6]
11,33,45,54,53 -> 22 (-10000) [6]
11,33,45,54,52 -> 31 (-10000) [6]
11,33,45,54,41 -> 31 (-10000) [6]
11,33,45,54,55 -> 34 (-968) [6]
11,33,45,54,51 -> 22 (-10000) [6]
11,33,35,45,41 -> 43 (10000) [6]
11,33,35,45,42 -> 43 (10000) [6]
11,33,35,45,44 -> 43 (10000) [6]
11,33,35,55 -> 32 (10000) [6]
11,33,35,55,15 -> 22 (10000) [6]
11,33,35,55,53 -> 43 (10000) [6]
11,33,35,55,41 -> 15 (10000) [6]
11,33,35,55,42 -> 15 (10000) [6]
11,33,35,55,51 -> 41 (22531) [6]
11,33,35,41 -> 32 (3872) [6]
11,33,35,41,53 -> 43 (10000) [6]
11,33,35,41,42 -> 15 (10000) [6]
11,33,35,41,55 -> 15 (10000) [6]
11,33,35,41,45 -> 34 (10000) [6]
11,33,35,41,51 -> 31 (10000) [6]
11,33,35,54,41 -> 22 (10000) [6]
11,33,35,54,42 -> 15 (10000) [6]
11,33,35,54,45 -> 34 (10000) [6]
11,33,35,53 -> 43 (10000) [6]
11,33,35,53,51 -> 34 (10000) [6]
11,33,35,53,55 -> 34 (10000) [6]
11,33,35,53,41 -> 34 (10000) [6]
11,33,35,53,42 -> 34 (10000) [6]
11,33,35,53,45 -> 34 (10000) [6]
11,33,14 -> 13 (-10000) [6]
11,33,14,45 -> 23 (-10000) [6]
11,33,14,45,55 -> 25 (10000) [6]
11,33,14,45,35 -> 51 (-10000) [6]
11,33,14,45,15 -> 25 (10000) [6]
11,33,14,45,25 -> 54 (1204) [6]
11,33,14,45,54 -> 51 (-10000) [6]
11,33,14,53 -> 51 (-10000) [6]
11,33,14,53,24 -> 23 (-10000) [6]
11,33,14,53,35 -> 23 (-10000) [6]
11,33,14,53,54 -> 23 (-10000) [6]
11,33,14,53,45 -> 23 (-10000) [6]
11,33,14,53,25 -> 23 (-10000) [6]
11,33,14,24 -> 51 (-10000) [6]
11,33,14,24,53 -> 23 (-10000) [6]
11,33,14,24,44 -> 23 (-10000) [6]
11,33,14,24,54 -> 23 (-10000) [6]
11,33,14,24,25 -> 23 (-10000) [6]
11,33,14,24,35 -> 23 (-10000) [6]
11,33,14,35 -> 23 (-10000) [6]
11,33,14,35,55 -> 51 (-10000) [6]
11,33,14,35,53 -> 51 (-10000) [6]
11,33,14,35,15 -> 51 (-10000) [6]
11,33,14,35,25 -> 51 (-10000) [6]
11,33,14,35,54 -> 51 (-10000) [6]
11,33,14,54 -> 23 (-10000) [6]
11,33,14,54,55 -> 51 (-10000) [6]
11,33,14,54,25 -> 51 (-10000) [6]
11,33,14,54,35 -> 51 (-10000) [6]
11,33,14,54,45 -> 51 (-10000) [6]
11,33,14,54,15 -> 51 (-10000) [6]
11,33,45,54,35 -> 34 (10000) [6]
11,33,45,54,14 -> 34 (10000) [6]
11,33,45,54,24 -> 34 (10000) [6]
11,33,45,35 -> 34 (10000) [6]
11,33,45,35,54 -> 43 (10000) [6]
11,33,45,35,15 -> 43 (10000) [6]
11,33,45,35,53 -> 43 (10000) [6]
11,33,45,35,14 -> 43 (10000) [6]
11,33,45,35,24 -> 43 (10000) [6]
11,33,45,53,14 -> 22 (10000) [6]
11,33,45,53,24 -> 51 (10000) [6]
11,33,45,53,54 -> 43 (10000) [6]
11,33,45,14 -> 23 (2762) [6]
11,33,45,14,35 -> 34 (10000) [6]
11,33,45,14,53 -> 22 (10000) [6]
11,33,45,14,24 -> 51 (10000) [6]
11,33,45,14,15 -> 13 (10000) [6]
11,33,45,14,54 -> 43 (10000) [6]
11,33,45,24 -> 23 (10000) [6]
11,33,45,24,51 -> 22 (10000) [6]
11,33,45,24,54 -> 43 (10000) [6]
11,33,45,24,35 -> 34 (10000) [6]
11,33,45,24,14 -> 51 (10000) [6]
11,33,45,24,55 -> 51 (10000) [6]
23,33 -> 25 (-1153) [6]
23,33,51 -> 24 (1989) [6]
23,33,51,52 -> 22 (10000) [6]
23,33,51,52,11 -> 35 (10000) [6]
23,33,51,52,35 -> 11 (10000) [6]
23,33,51,52,34 -> 11 (10000) [6]
23,33,51,52,31 -> 11 (10000) [6]
23,33,51,52,45 -> 11 (10000) [6]
23,33,51,22 -> 54 (10000) [6]
23,33,51,22,52 -> 43 (10000) [6]
23,33,51,22,55 -> 43 (10000) [6]
23,33,51,22,41 -> 43 (10000) [6]
23,33,51,22,45 -> 43 (10000) [6]
23,33,51,22,43 -> 11 (10000) [6]
23,33,51,55 -> 22 (10000) [6]
12,33 -> 14 (-1931) [6]
12,33,54 -> 13 (10000) [6]
12,33,54,51 -> 42 (10000) [6]
12,33,54,51,52 -> 23 (10000) [6]
12,33,54,51,53 -> 52 (10000) [6]
12,33,54,51,24 -> 52 (10000) [6]
12,33,54,51,15 -> 52 (10000) [6]
12,33,54,51,25 -> 52 (10000) [6]
12,33,54,52 -> 51 (10000) [6]
23,33,51,55,11 -> 35 (10000) [6]
23,33,51,55,35 -> 11 (10000) [6]
23,33,51,55,34 -> 11 (10000) [6]
23,33,51,55,31 -> 11 (10000) [6]
23,33,51,55,45 -> 11 (10000) [6]
23,33,51,54 -> 22 (10000) [6]
22,33 -> 41 (264) [6]
22,33,45 -> 34 (1379) [6]
22,33,45,53 -> 43 (2589) [6]
22,33,45,53,21 -> 55 (3086) [6]
22,33,45,53,55 -> 21 (10000) [6]
22,33,45,53,35 -> 21 (10000) [6]
22,33,45,53,54 -> 21 (10000) [6]
22,33,45,53,52 -> 21 (10000) [6]
22,33,45,25 -> 55 (2589) [6]
22,33,45,25,54 -> 21 (10000) [6]
22,33,45,25,31 -> 44 (10000) [6]
22,33,45,25,44 -> 43 (3836) [6]
22,33,45,25,52 -> 21 (10000) [6]
22,33,45,25,53 -> 43 (10000) [6]
22,33,45,55 -> 21 (10000) [6]
22,33,45,55,25 -> 31 (10000) [6]
22,33,45,55,31 -> 25 (10000) [6]
22,33,45,55,52 -> 31 (10000) [6]
22,33,45,55,53 -> 31 (10000) [6]
22,33,45,55,54 -> 31 (10000) [6]
22,33,45,54 -> 55 (2589) [6]
22,33,45,54,21 -> 43 (3794) [6]
22,33,45,54,53 -> 43 (10000) [6]
22,33,45,54,31 -> 44 (10000) [6]
22,33,45,54,35 -> 21 (10000) [6]
22,33,45,54,44 -> 43 (3836) [6]
22,33,45,44 -> 43 (3186) [6]
22,33,45,44,21 -> 53 (3736) [6]
22,33,45,44,53 -> 21 (10000) [6]
22,33,45,44,31 -> 21 (4386) [6]
22,33,45,44,35 -> 21 (10000) [6]
22,33,45,44,54 -> 21 (4386) [6]
22,33,55 -> 53 (1999) [6]
22,33,55,25 -> 54 (2969) [6]
22,33,55,25,12 -> 52 (10000) [6]
22,33,55,25,52 -> 12 (10000) [6]
22,33,55,25,13 -> 12 (10000) [6]
22,33,55,25,53 -> 12 (10000) [6]
22,33,55,25,45 -> 12 (10000) [6]
22,33,55,25,31 -> 34 (10000) [6]
22,33,55,25,35 -> 31 (10000) [6]
22,33,55,25,54 -> 31 (10000) [6]
22,33,55,45 -> 54 (2969) [6]
22,33,55,45,12 -> 52 (10000) [6]
22,33,55,45,52 -> 12 (10000) [6]
22,33,55,45,13 -> 12 (10000) [6]
22,33,55,45,53 -> 12 (10000) [6]
22,33,55,45,25 -> 12 (10000) [6]
22,33,55,35 -> 21 (10000) [6]
22,33,55,35,25 -> 31 (10000) [6]
22,33,55,35,31 -> 24 (10000) [6]
22,33,55,35,52 -> 31 (10000) [6]
22,33,55,35,54 -> 31 (10000) [6]
22,33,55,45,21 -> 25 (10000) [6]
22,33,55,45,31 -> 21 (10000) [6]
22,33,55,45,54 -> 21 (10000) [6]
22,33,13 -> 54 (3134) [6]
22,33,13,45 -> 52 (7614) [6]
22,33,13,45,12 -> 53 (10000) [6]
22,33,13,45,53 -> 12 (10000) [6]
22,33,13,45,44 -> 53 (10000) [6]
22,33,13,45,25 -> 53 (10000) [6]
22,33,13,45,55 -> 53 (10000) [6]
22,33,13,52 -> 45 (6519) [6]
22,33,13,52,12 -> 42 (10000) [6]
22,33,13,52,53 -> 12 (10000) [6]
22,33,13,52,44 -> 12 (10000) [6]
22,33,13,52,25 -> 12 (10000) [6]
22,33,13,52,55 -> 12 (10000) [6]
22,33,13,53 -> 25 (7614) [6]
22,33,13,53,12 -> 42 (10000) [6]
22,33,13,53,52 -> 12 (10000) [6]
22,33,13,53,44 -> 12 (10000) [6]
22,33,13,53,45 -> 12 (10000) [6]
22,33,13,53,55 -> 12 (10000) [6]
22,33,13,55 -> 12 (10000) [6]
22,33,13,55,52 -> 42 (10000) [6]
22,33,13,55,53 -> 42 (10000) [6]
22,33,13,55,25 -> 52 (10000) [6]
22,33,13,55,45 -> 52 (10000) [6]
22,33,13,25 -> 45 (6184) [6]
22,33,13,25,12 -> 42 (10000) [6]
22,33,13,25,52 -> 12 (10000) [6]
22,33,13,25,53 -> 12 (10000) [6]
22,33,13,25,44 -> 12 (10000) [6]
22,33,13,25,55 -> 12 (10000) [6]
22,33,45,35 -> 13 (10000) [6]
22,33,45,35,52 -> 42 (10000) [6]
22,33,45,35,53 -> 42 (10000) [6]
22,33,45,35,44 -> 42 (10000) [6]
22,33,45,35,54 -> 42 (10000) [6]
22,33,45,13 -> 54 (2919) [6]
22,33,45,13,52 -> 23 (10000) [6]
22,33,45,13,53 -> 42 (10000) [6]
22,33,45,13,44 -> 42 (10000) [6]
22,33,45,13,25 -> 52 (10000) [6]
22,33,45,13,55 -> 52 (10000) [6]
22,33,45,25,55 -> 42 (10000) [6]
22,33,45,44,52 -> 42 (10000) [6]
22,33,45,44,25 -> 42 (10000) [6]
33,12 -> 53 (10000) [6]
33,12,15 -> 43 (10000) [6]
33,12,15,51 -> 22 (10000) [6]
33,22 -> 35 (10000) [6]
33,22,44 -> 34 (10000) [6]
22,33,45,54,52 -> 42 (10000) [6]
22,33,45,54,25 -> 42 (10000) [6]
22,33,35 -> 34 (1284) [6]
22,33,35,12 -> 55 (2589) [6]
22,33,35,12,52 -> 43 (10000) [6]
22,33,35,12,53 -> 42 (10000) [6]
22,33,35,12,45 -> 43 (10000) [6]
22,33,35,12,54 -> 43 (3086) [6]
22,33,35,12,25 -> 43 (10000) [6]
22,33,35,45 -> 12 (10000) [6]
22,33,35,45,52 -> 13 (10000) [6]
22,33,35,45,53 -> 13 (10000) [6]
22,33,35,45,44 -> 13 (10000) [6]
22,33,35,45,54 -> 13 (10000) [6]
22,33,35,55 -> 12 (10000) [6]
22,33,35,55,52 -> 13 (10000) [6]
22,33,35,55,53 -> 13 (10000) [6]
22,33,35,55,54 -> 13 (10000) [6]
22,33,35,55,25 -> 13 (10000) [6]
22,33,35,25 -> 12 (10000) [6]
22,33,35,25,52 -> 13 (10000) [6]
22,33,35,25,53 -> 13 (10000) [6]
22,33,35,25,44 -> 13 (10000) [6]
22,33,35,25,54 -> 13 (10000) [6]
22,33,35,25,55 -> 13 (10000) [6]
22,33,35,54 -> 43 (2589) [6]
22,33,35,54,12 -> 55 (3086) [6]
22,33,35,54,55 -> 12 (10000) [6]
22,33,35,54,53 -> 12 (10000) [6]
22,33,35,54,45 -> 12 (10000) [6]
22,33,35,54,25 -> 12 (10000) [6]
33,12,54 -> 22 (10000) [6]
33,12,54,15 -> 21 (10000) [6]
33,12,54,15,25 -> 31 (10000) [6]
33,12,54,15,31 -> 25 (10000) [6]
33,12,54,15,35 -> 25 (10000) [6]
33,12,54,15,41 -> 25 (10000) [6]
33,12,54,15,42 -> 25 (10000) [6]
33,12,54,21 -> 15 (10000) [6]
33,12,54,21,25 -> 31 (10000) [6]
33,12,54,21,31 -> 25 (10000) [6]
33,12,54,21,35 -> 25 (10000) [6]
33,12,54,21,41 -> 25 (10000) [6]
33,12,54,21,42 -> 25 (10000) [6]
33,12,54,25 -> 15 (10000) [6]
33,12,54,25,21 -> 31 (10000) [6]
33,12,54,25,31 -> 21 (10000) [6]
33,12,54,25,35 -> 21 (10000) [6]
33,12,54,25,41 -> 21 (10000) [6]
33,12,54,25,42 -> 21 (10000) [6]
33,12,54,31 -> 15 (10000) [6]
12,33,54,52,24 -> 42 (10000) [6]
12,33,54,52,15 -> 42 (10000) [6]
12,33,54,52,25 -> 42 (10000) [6]
12,33,54,52,35 -> 42 (10000) [6]
12,33,54,52,45 -> 42 (10000) [6]
12,33,54,53 -> 51 (10000) [6]
33,12,54,31,21 -> 25 (10000) [6]
33,12,54,31,25 -> 21 (10000) [6]
33,12,54,31,35 -> 21 (10000) [6]
33,12,54,31,41 -> 21 (10000) [6]
33,12,54,31,42 -> 21 (10000) [6]
33,12,54,35 -> 15 (10000) [6]
33,12,54,35,21 -> 25 (10000) [6]
33,12,54,35,25 -> 21 (10000) [6]
33,12,54,35,31 -> 21 (10000) [6]
33,12,54,35,41 -> 21 (10000) [6]
33,12,54,35,42 -> 21 (10000) [6]
33,12,45 -> 22 (10000) [6]
33,12,45,15 -> 21 (10000) [6]
33,12,45,15,25 -> 31 (10000) [6]
33,12,45,15,31 -> 25 (10000) [6]
33,12,45,15,35 -> 25 (10000) [6]
33,12,45,15,41 -> 25 (10000) [6]
33,12,45,15,42 -> 25 (10000) [6]
33,12,45,21 -> 15 (10000) [6]
33,12,45,21,25 -> 31 (10000) [6]
33,12,45,21,31 -> 25 (10000) [6]
33,12,45,21,35 -> 25 (10000) [6]
33,12,45,21,41 -> 25 (10000) [6]
33,12,45,21,42 -> 25 (10000) [6]
33,12,45,25 -> 15 (10000) [6]
33,12,45,25,21 -> 31 (10000) [6]
33,12,45,25,31 -> 21 (10000) [6]
33,12,45,25,41 -> 21 (10000) [6]
33,12,45,25,42 -> 21 (10000) [6]
33,12,45,25,51 -> 21 (10000) [6]
33,12,45,31 -> 15 (10000) [6]
33,12,45,31,21 -> 25 (10000) [6]
33,12,45,31,25 -> 21 (10000) [6]
33,12,45,31,35 -> 21 (10000) [6]
33,12,45,31,41 -> 21 (10000) [6]
33,12,45,31,42 -> 21 (10000) [6]
33,12,45,35 -> 15 (10000) [6]
33,12,45,35,21 -> 25 (10000) [6]
33,12,45,35,31 -> 21 (10000) [6]
33,12,45,35,41 -> 21 (10000) [6]
33,12,45,35,42 -> 21 (10000) [6]
33,12,45,35,51 -> 21 (10000) [6]
33,12,22 -> 54 (10000) [6]
33,12,22,52 -> 34 (10000) [6]
33,12,22,52,15 -> 21 (10000) [6]
33,12,22,52,25 -> 15 (10000) [6]
33,12,22,52,31 -> 15 (10000) [6]
33,12,22,52,35 -> 15 (10000) [6]
33,12,22,52,41 -> 15 (10000) [6]
33,12,22,42 -> 34 (10000) [6]
33,12,22,42,15 -> 21 (10000) [6]
33,12,22,42,25 -> 15 (10000) [6]
33,12,22,42,31 -> 15 (10000) [6]
33,12,22,42,35 -> 15 (10000) [6]
33,12,22,42,45 -> 15 (10000) [6]
33,12,22,45 -> 34 (10000) [6]
33,12,22,45,15 -> 21 (10000) [6]
33,12,22,45,25 -> 15 (10000) [6]
33,12,22,45,31 -> 15 (10000) [6]
33,12,22,45,35 -> 15 (10000) [6]
33,12,22,45,41 -> 15 (10000) [6]
33,12,22,51 -> 34 (10000) [6]
33,12,22,51,15 -> 21 (10000) [6]
33,12,22,51,25 -> 15 (10000) [6]
33,12,22,51,31 -> 15 (10000) [6]
33,12,22,51,35 -> 15 (10000) [6]
33,12,22,51,41 -> 15 (10000) [6]
33,12,22,41 -> 34 (10000) [6]
33,12,22,41,15 -> 21 (10000) [6]
33,12,22,41,25 -> 15 (10000) [6]
33,12,22,41,31 -> 15 (10000) [6]
33,12,22,41,35 -> 15 (10000) [6]
33,12,22,41,45 -> 15 (10000) [6]
33,12,55 -> 22 (10000) [6]
33,12,55,15 -> 21 (10000) [6]
33,12,55,15,25 -> 31 (10000) [6]
33,12,55,15,31 -> 25 (10000) [6]
33,12,55,15,35 -> 25 (10000) [6]
33,12,55,15,41 -> 25 (10000) [6]
33,12,55,15,42 -> 25 (10000) [6]
33,12,55,21 -> 15 (10000) [6]
33,12,55,21,25 -> 31 (10000) [6]
33,12,55,21,31 -> 25 (10000) [6]
33,12,55,21,35 -> 25 (10000) [6]
33,12,55,21,41 -> 25 (10000) [6]
33,12,55,21,42 -> 25 (10000) [6]
33,12,55,25 -> 15 (10000) [6]
33,12,55,25,21 -> 31 (10000) [6]
33,12,55,25,31 -> 21 (10000) [6]
33,12,55,25,35 -> 21 (10000) [6]
33,12,55,25,41 -> 21 (10000) [6]
33,12,55,25,42 -> 21 (10000) [6]
33,12,55,31 -> 15 (10000) [6]
33,12,55,31,21 -> 25 (10000) [6]
33,12,55,31,25 -> 21 (10000) [6]
33,12,55,31,35 -> 21 (10000) [6]
33,12,55,31,41 -> 21 (10000) [6]
33,12,55,31,42 -> 21 (10000) [6]
33,12,55,35 -> 15 (10000) [6]
33,12,55,35,21 -> 25 (10000) [6]
33,12,55,35,25 -> 21 (10000) [6]
33,12,55,35,31 -> 21 (10000) [6]
33,12,55,35,41 -> 21 (10000) [6]
33,12,55,35,42 -> 21 (10000) [6]
33,12,41 -> 22 (10000) [6]
33,12,15,51,42 -> 52 (10000) [6]
33,12,15,51,52 -> 42 (10000) [6]
33,12,15,51,13 -> 42 (10000) [6]
33,12,15,51,14 -> 42 (10000) [6]
33,12,15,51,24 -> 42 (10000) [6]
33,12,15,42 -> 51 (10000) [6]
33,12,15,42,13 -> 22 (10000) [6]
33,12,15,42,14 -> 22 (10000) [6]
33,12,15,42,24 -> 22 (10000) [6]
33,12,15,42,34 -> 22 (10000) [6]
33,12,15,42,44 -> 22 (10000) [6]
33,12,15,52 -> 51 (10000) [6]
33,12,15,52,13 -> 22 (10000) [6]
33,12,15,52,14 -> 22 (10000) [6]
33,12,15,52,24 -> 22 (10000) [6]
33,12,15,52,34 -> 22 (10000) [6]
33,12,15,52,44 -> 22 (10000) [6]
33,12,15,13 -> 51 (10000) [6]
33,12,15,13,42 -> 22 (10000) [6]
33,12,15,13,52 -> 22 (10000) [6]
33,12,15,13,34 -> 22 (10000) [6]
33,12,15,13,44 -> 22 (10000) [6]
33,12,15,13,54 -> 22 (10000) [6]
33,12,15,14 -> 51 (10000) [6]
33,12,15,14,42 -> 22 (10000) [6]
33,12,15,14,52 -> 22 (10000) [6]
33,12,15,14,24 -> 22 (10000) [6]
33,12,15,14,34 -> 22 (10000) [6]
33,12,15,14,44 -> 22 (10000) [6]
33,12,42 -> 43 (10000) [6]
33,12,42,51 -> 22 (10000) [6]
33,12,42,51,13 -> 52 (10000) [6]
33,12,42,51,14 -> 52 (10000) [6]
33,12,42,51,24 -> 52 (10000) [6]
33,12,42,51,34 -> 52 (10000) [6]
33,12,42,51,44 -> 52 (10000) [6]
33,12,42,13 -> 51 (10000) [6]
33,12,42,13,34 -> 22 (10000) [6]
33,12,42,13,44 -> 22 (10000) [6]
33,12,42,13,54 -> 22 (10000) [6]
33,12,42,13,15 -> 22 (10000) [6]
33,12,42,13,25 -> 22 (10000) [6]
33,12,42,14 -> 51 (10000) [6]
33,12,42,14,24 -> 22 (10000) [6]
33,12,42,14,34 -> 22 (10000) [6]
33,12,42,14,44 -> 22 (10000) [6]
33,12,42,14,54 -> 22 (10000) [6]
33,12,42,14,15 -> 22 (10000) [6]
33,12,42,24 -> 51 (10000) [6]
33,12,42,24,14 -> 22 (10000) [6]
33,12,42,24,34 -> 22 (10000) [6]
33,12,42,24,44 -> 22 (10000) [6]
33,12,42,24,54 -> 22 (10000) [6]
33,12,42,24,15 -> 22 (10000) [6]
33,12,42,34 -> 51 (10000) [6]
33,12,42,34,13 -> 22 (10000) [6]
33,12,42,34,14 -> 22 (10000) [6]
33,12,42,34,24 -> 22 (10000) [6]
33,12,42,34,44 -> 22 (10000) [6]
33,12,42,34,54 -> 22 (10000) [6]
33,12,25 -> 43 (10000) [6]
23,33,51,54,11 -> 35 (10000) [6]
23,33,51,54,35 -> 11 (10000) [6]
23,33,51,54,34 -> 11 (10000) [6]
23,33,51,54,31 -> 11 (10000) [6]
23,33,51,54,45 -> 11 (10000) [6]
23,33,51,44 -> 22 (10000) [6]
12,33,54,53,24 -> 42 (10000) [6]
12,33,54,53,15 -> 42 (10000) [6]
12,33,54,53,25 -> 42 (10000) [6]
12,33,54,53,35 -> 42 (10000) [6]
12,33,54,53,45 -> 42 (10000) [6]
12,33,54,24 -> 51 (10000) [6]
33,12,25,51 -> 22 (10000) [6]
33,12,25,51,42 -> 52 (10000) [6]
33,12,25,51,52 -> 42 (10000) [6]
33,12,25,51,13 -> 42 (10000) [6]
33,12,25,51,14 -> 42 (10000) [6]
33,12,25,51,24 -> 42 (10000) [6]
33,12,25,42 -> 51 (10000) [6]
33,12,25,42,13 -> 22 (10000) [6]
33,12,25,42,14 -> 22 (10000) [6]
33,12,25,42,24 -> 22 (10000) [6]
33,12,25,42,34 -> 22 (10000) [6]
33,12,25,42,44 -> 22 (10000) [6]
33,12,25,52 -> 51 (10000) [6]
33,12,25,52,13 -> 22 (10000) [6]
33,12,25,52,14 -> 22 (10000) [6]
33,12,25,52,24 -> 22 (10000) [6]
33,12,25,52,34 -> 22 (10000) [6]
33,12,25,52,44 -> 22 (10000) [6]
33,12,25,13 -> 51 (10000) [6]
33,22,44,15 -> 21 (10000) [6]
13,33 -> 55 (-2036) [6]
13,33,21 -> 22 (-1991) [6]
13,33,21,53 -> 43 (-786) [6]
13,33,21,53,35 -> 45 (10000) [6]
13,33,21,53,52 -> 41 (2049) [6]
13,33,21,53,45 -> 34 (-2381) [6]
13,33,21,53,44 -> 34 (1991) [6]
13,33,21,53,41 -> 32 (-2381) [6]
13,33,21,54 -> 41 (2686) [6]
13,33,21,54,35 -> 44 (7339) [6]
13,33,21,54,53 -> 43 (4601) [6]
13,33,21,54,45 -> 34 (3936) [6]
13,33,21,54,44 -> 34 (3936) [6]
13,33,21,54,52 -> 45 (4399) [6]
13,33,21,45 -> 34 (-786) [6]
13,33,21,45,53 -> 43 (-2381) [6]
13,33,21,45,52 -> 53 (2106) [6]
13,33,21,45,54 -> 41 (3936) [6]
13,33,21,45,41 -> 32 (-2381) [6]
13,33,21,45,55 -> 53 (2369) [6]
13,33,21,44 -> 34 (1591) [6]
13,33,21,44,53 -> 43 (1991) [6]
13,33,21,44,52 -> 45 (10000) [6]
13,33,21,44,45 -> 41 (3936) [6]
13,33,21,44,41 -> 32 (1991) [6]
13,33,21,44,54 -> 45 (10000) [6]
13,33,21,41 -> 32 (-786) [6]
13,33,21,41,35 -> 52 (10000) [6]
13,33,21,41,45 -> 34 (-2381) [6]
13,33,21,41,44 -> 34 (1991) [6]
13,33,21,41,53 -> 43 (-2381) [6]
13,33,21,41,52 -> 53 (2106) [6]
13,33,41 -> 32 (-1991) [6]
13,33,41,21 -> 22 (-786) [6]
13,33,41,21,35 -> 52 (10000) [6]
13,33,41,21,45 -> 34 (-2381) [6]
13,33,41,21,44 -> 34 (1991) [6]
13,33,41,21,53 -> 43 (-2381) [6]
13,33,41,21,52 -> 53 (2106) [6]
13,33,41,54 -> 22 (1704) [6]
13,33,41,54,53 -> 43 (3341) [6]
13,33,41,54,35 -> 52 (10000) [6]
13,33,41,54,52 -> 45 (2821) [6]
13,33,41,54,45 -> 34 (2191) [6]
13,33,41,54,44 -> 34 (2821) [6]
13,33,41,53 -> 25 (-10000) [6]
13,33,41,53,21 -> 22 (-10000) [6]
13,33,41,53,54 -> 22 (-10000) [6]
13,33,41,53,52 -> 22 (-10000) [6]
13,33,41,53,45 -> 22 (-10000) [6]
13,33,41,53,44 -> 22 (-10000) [6]
13,33,41,45 -> 34 (-1906) [6]
13,33,41,45,21 -> 22 (-2381) [6]
13,33,41,45,53 -> 25 (-10000) [6]
13,33,41,45,52 -> 53 (2106) [6]
13,33,41,45,54 -> 22 (2191) [6]
13,33,41,45,55 -> 53 (2369) [6]
13,33,41,44 -> 34 (1591) [6]
13,33,41,44,21 -> 22 (1991) [6]
13,33,41,44,52 -> 45 (10000) [6]
13,33,41,44,53 -> 43 (1991) [6]
13,33,41,44,45 -> 53 (2106) [6]
13,33,41,44,54 -> 45 (10000) [6]
13,33,53 -> 43 (-1991) [6]
13,33,53,21 -> 22 (-786) [6]
13,33,53,21,35 -> 45 (10000) [6]
13,33,53,21,52 -> 41 (2049) [6]
13,33,53,21,45 -> 34 (-2381) [6]
13,33,53,21,44 -> 34 (1991) [6]
13,33,53,21,41 -> 32 (-2381) [6]
13,33,53,41 -> 25 (-10000) [6]
13,33,53,41,21 -> 22 (-10000) [6]
13,33,53,41,54 -> 22 (-10000) [6]
13,33,53,41,52 -> 21 (-10000) [6]
13,33,53,41,45 -> 21 (-10000) [6]
13,33,53,41,44 -> 22 (-10000) [6]
13,33,53,51 -> 45 (-3431) [6]
13,33,53,51,25 -> 24 (2049) [6]
13,33,53,51,31 -> 25 (10000) [6]
13,33,53,51,35 -> 25 (10000) [6]
13,33,53,51,41 -> 32 (2049) [6]
13,33,53,51,54 -> 52 (2049) [6]
13,33,53,41,25 -> 24 (-2381) [6]
13,33,53,41,51 -> 45 (2049) [6]
13,33,53,42 -> 32 (1591) [6]
13,33,53,42,25 -> 24 (1991) [6]
13,33,53,42,54 -> 41 (10000) [6]
13,33,53,42,41 -> 45 (3936) [6]
13,33,53,42,45 -> 34 (1991) [6]
13,33,53,42,52 -> 41 (10000) [6]
13,33,41,25 -> 24 (-786) [6]
13,33,41,25,53 -> 43 (-2381) [6]
13,33,41,25,54 -> 53 (2106) [6]
13,33,41,25,52 -> 45 (3936) [6]
13,33,41,25,45 -> 34 (-2381) [6]
13,33,41,25,51 -> 53 (2369) [6]
13,33,41,51 -> 53 (1604) [6]
13,33,41,51,25 -> 24 (2369) [6]
13,33,41,51,35 -> 52 (10000) [6]
13,33,41,51,45 -> 34 (2369) [6]
13,33,41,51,52 -> 45 (3184) [6]
13,33,41,51,54 -> 52 (10000) [6]
13,33,41,54,25 -> 24 (2106) [6]
13,33,41,54,51 -> 52 (10000) [6]
13,33,41,54,42 -> 45 (3651) [6]
13,33,41,53,25 -> 24 (-2381) [6]
13,33,41,53,51 -> 45 (2049) [6]
13,33,41,45,25 -> 24 (-2381) [6]
13,33,41,45,51 -> 53 (2369) [6]
13,33,42 -> 32 (-1434) [6]
13,33,42,25 -> 24 (1591) [6]
13,33,42,25,53 -> 43 (1991) [6]
13,33,42,25,54 -> 41 (10000) [6]
13,33,42,25,41 -> 45 (3936) [6]
13,33,42,25,45 -> 34 (1991) [6]
13,33,42,25,52 -> 41 (10000) [6]
13,33,42,53 -> 43 (1591) [6]
13,33,42,53,25 -> 24 (1991) [6]
13,33,42,53,54 -> 41 (10000) [6]
13,33,42,53,41 -> 45 (3936) [6]
13,33,42,53,45 -> 34 (1991) [6]
13,33,42,53,52 -> 41 (10000) [6]
13,33,42,54 -> 45 (2236) [6]
13,33,42,54,25 -> 24 (3936) [6]
13,33,42,54,53 -> 43 (3936) [6]
13,33,42,54,35 -> 24 (10000) [6]
13,33,42,54,41 -> 25 (10000) [6]
13,33,42,54,52 -> 25 (10000) [6]
13,33,42,41 -> 45 (2236) [6]
13,33,42,41,25 -> 24 (3936) [6]
13,33,42,41,54 -> 25 (10000) [6]
13,33,42,41,35 -> 25 (10000) [6]
13,33,42,41,52 -> 25 (10000) [6]
13,33,42,41,53 -> 43 (3936) [6]
13,33,42,45 -> 34 (1591) [6]
13,33,42,45,25 -> 24 (1991) [6]
13,33,42,45,54 -> 41 (10000) [6]
13,33,42,45,53 -> 43 (1991) [6]
13,33,42,45,41 -> 53 (2106) [6]
13,33,42,45,52 -> 41 (10000) [6]
33,11 -> 34 (10000) [6]
33,11,14 -> 23 (10000) [6]
33,11,14,12 -> 22 (10000) [6]
33,11,14,12,42 -> 52 (10000) [6]
33,11,14,12,52 -> 42 (10000) [6]
33,11,14,12,53 -> 42 (10000) [6]
33,11,14,12,24 -> 42 (10000) [6]
33,11,14,12,34 -> 42 (10000) [6]
33,11,14,22 -> 12 (10000) [6]
33,11,14,22,52 -> 42 (10000) [6]
33,11,14,22,53 -> 42 (10000) [6]
33,11,14,22,24 -> 42 (10000) [6]
33,11,14,22,34 -> 42 (10000) [6]
33,11,14,22,44 -> 42 (10000) [6]
33,11,14,42 -> 12 (10000) [6]
33,12,25,13,42 -> 22 (10000) [6]
33,12,25,13,52 -> 22 (10000) [6]
33,12,25,13,34 -> 22 (10000) [6]
33,12,25,13,44 -> 22 (10000) [6]
33,12,25,13,54 -> 22 (10000) [6]
33,12,25,14 -> 51 (10000) [6]
33,12,25,14,42 -> 22 (10000) [6]
33,12,25,14,52 -> 22 (10000) [6]
33,12,25,14,24 -> 22 (10000) [6]
33,12,25,14,34 -> 22 (10000) [6]
33,12,25,14,44 -> 22 (10000) [6]
33,22,44,15,25 -> 24 (10000) [6]
33,22,44,15,31 -> 24 (10000) [6]
33,22,44,15,41 -> 24 (10000) [6]
33,22,44,15,45 -> 24 (10000) [6]
33,22,44,15,51 -> 24 (10000) [6]
33,22,44,25 -> 15 (10000) [6]
12,33,54,24,52 -> 42 (10000) [6]
12,33,54,24,53 -> 42 (10000) [6]
12,33,54,24,25 -> 42 (10000) [6]
12,33,54,24,35 -> 42 (10000) [6]
12,33,54,24,45 -> 42 (10000) [6]
12,33,54,15 -> 51 (10000) [6]
23,33,51,44,11 -> 35 (10000) [6]
23,33,51,44,35 -> 11 (10000) [6]
23,33,51,44,34 -> 11 (10000) [6]
23,33,51,44,31 -> 11 (10000) [6]
23,33,51,44,45 -> 11 (10000) [6]
23,33,42 -> 22 (10000) [6]
23,33,42,15 -> 24 (10000) [6]
23,33,42,15,31 -> 32 (10000) [6]
23,33,42,15,32 -> 31 (10000) [6]
23,33,42,15,35 -> 31 (10000) [6]
23,33,42,15,41 -> 31 (10000) [6]
23,33,42,15,43 -> 31 (10000) [6]
23,33,42,53 -> 24 (10000) [6]
23,33,42,53,15 -> 31 (10000) [6]
23,33,42,53,32 -> 15 (10000) [6]
23,33,42,53,35 -> 15 (10000) [6]
23,33,42,53,41 -> 15 (10000) [6]
23,33,42,53,44 -> 15 (10000) [6]
23,33,42,45 -> 24 (10000) [6]
23,33,42,45,15 -> 31 (10000) [6]
23,33,42,45,31 -> 15 (10000) [6]
23,33,42,45,32 -> 15 (10000) [6]
23,33,42,45,35 -> 15 (10000) [6]
23,33,42,45,41 -> 15 (10000) [6]
23,33,42,54 -> 24 (10000) [6]
23,33,42,54,15 -> 31 (10000) [6]
23,33,42,54,31 -> 15 (10000) [6]
23,33,42,54,32 -> 15 (10000) [6]
23,33,42,54,35 -> 15 (10000) [6]
23,33,42,54,41 -> 15 (10000) [6]
23,33,42,41 -> 24 (10000) [6]
23,33,42,41,15 -> 31 (10000) [6]
23,33,42,41,32 -> 15 (10000) [6]
23,33,42,41,35 -> 15 (10000) [6]
23,33,42,41,44 -> 15 (10000) [6]
23,33,42,41,45 -> 15 (10000) [6]
23,33,52 -> 24 (374) [6]
23,33,52,43 -> 22 (10000) [6]
23,33,52,43,11 -> 35 (10000) [6]
23,33,52,43,35 -> 11 (10000) [6]
23,33,52,43,31 -> 11 (10000) [6]
23,33,52,43,45 -> 11 (10000) [6]
23,33,52,43,44 -> 11 (10000) [6]
23,33,52,22 -> 54 (10000) [6]
23,33,52,22,41 -> 43 (10000) [6]
23,33,52,22,34 -> 43 (10000) [6]
23,33,52,22,55 -> 43 (10000) [6]
23,33,52,22,45 -> 43 (10000) [6]
23,33,52,22,43 -> 34 (10000) [6]
23,33,52,54 -> 22 (10000) [6]
23,33,52,54,11 -> 35 (10000) [6]
23,33,52,54,35 -> 11 (10000) [6]
23,33,52,54,34 -> 11 (10000) [6]
23,33,52,54,31 -> 11 (10000) [6]
23,33,52,54,45 -> 11 (10000) [6]
23,33,52,34 -> 22 (10000) [6]
23,33,52,34,11 -> 35 (10000) [6]
23,33,52,34,31 -> 11 (10000) [6]
23,33,52,34,45 -> 11 (10000) [6]
23,33,52,34,44 -> 11 (10000) [6]
23,33,52,34,42 -> 11 (10000) [6]
23,33,52,55 -> 22 (10000) [6]
23,33,52,55,11 -> 35 (10000) [6]
23,33,52,55,35 -> 11 (10000) [6]
23,33,52,55,34 -> 11 (10000) [6]
23,33,52,55,31 -> 11 (10000) [6]
23,33,52,55,45 -> 11 (10000) [6]
23,33,51,43 -> 22 (10000) [6]
23,33,51,43,45 -> 24 (10000) [6]
23,33,51,43,24 -> 42 (10000) [6]
23,33,51,43,31 -> 24 (10000) [6]
23,33,51,43,54 -> 24 (10000) [6]
23,33,51,43,41 -> 24 (10000) [6]
23,33,51,55,15 -> 22 (10000) [6]
23,33,51,55,22 -> 15 (10000) [6]
23,33,51,55,24 -> 15 (10000) [6]
23,33,51,55,32 -> 15 (10000) [6]
23,33,51,24 -> 43 (10000) [6]
23,33,51,24,22 -> 15 (10000) [6]
23,33,51,24,31 -> 15 (10000) [6]
23,33,51,24,32 -> 15 (10000) [6]
23,33,51,24,35 -> 15 (10000) [6]
23,33,51,24,41 -> 15 (10000) [6]
23,33,51,31 -> 43 (10000) [6]
23,33,51,31,15 -> 22 (10000) [6]
23,33,51,31,22 -> 15 (10000) [6]
23,33,51,31,24 -> 15 (10000) [6]
23,33,51,31,35 -> 15 (10000) [6]
23,33,51,31,44 -> 15 (10000) [6]
23,33,51,41 -> 43 (10000) [6]
23,33,51,41,15 -> 22 (10000) [6]
23,33,51,41,22 -> 15 (10000) [6]
23,33,51,41,24 -> 15 (10000) [6]
23,33,51,41,32 -> 15 (10000) [6]
23,33,51,41,35 -> 15 (10000) [6]
23,33,41 -> 24 (1919) [6]
23,33,41,52 -> 22 (10000) [6]
23,33,41,52,11 -> 35 (10000) [6]
23,33,41,52,35 -> 11 (10000) [6]
23,33,41,52,34 -> 11 (10000) [6]
23,33,41,52,31 -> 11 (10000) [6]
23,33,41,52,45 -> 11 (10000) [6]
23,33,41,22 -> 54 (10000) [6]
23,33,41,22,52 -> 43 (10000) [6]
23,33,41,22,55 -> 43 (10000) [6]
23,33,41,22,53 -> 43 (10000) [6]
23,33,41,22,45 -> 43 (10000) [6]
23,33,41,22,43 -> 11 (10000) [6]
23,33,41,54 -> 22 (10000) [6]
23,33,41,54,11 -> 35 (10000) [6]
23,33,41,54,35 -> 11 (10000) [6]
23,33,41,54,34 -> 11 (10000) [6]
23,33,41,54,31 -> 11 (10000) [6]
23,33,41,54,45 -> 11 (10000) [6]
23,33,41,55 -> 22 (10000) [6]
23,33,41,55,11 -> 35 (10000) [6]
23,33,41,55,35 -> 11 (10000) [6]
23,33,41,55,34 -> 11 (10000) [6]
23,33,41,55,31 -> 11 (10000) [6]
23,33,41,55,45 -> 11 (10000) [6]
23,33,41,44 -> 22 (10000) [6]
33,12,54,51 -> 22 (10000) [6]
12,33,54,15,52 -> 42 (10000) [6]
12,33,54,15,53 -> 42 (10000) [6]
12,33,54,15,25 -> 42 (10000) [6]
12,33,54,15,35 -> 42 (10000) [6]
12,33,54,15,45 -> 42 (10000) [6]
12,33,52 -> 13 (10000) [6]
12,33,52,51 -> 42 (10000) [6]
12,33,52,51,24 -> 23 (10000) [6]
12,33,52,51,54 -> 23 (10000) [6]
12,33,52,51,15 -> 23 (10000) [6]
12,33,52,51,25 -> 23 (10000) [6]
12,33,52,51,35 -> 23 (10000) [6]
12,33,52,53 -> 51 (10000) [6]
12,33,52,53,24 -> 42 (10000) [6]
12,33,52,53,15 -> 42 (10000) [6]
12,33,52,53,25 -> 42 (10000) [6]
12,33,52,53,35 -> 42 (10000) [6]
12,33,52,53,45 -> 42 (10000) [6]
12,33,52,24 -> 51 (10000) [6]
12,33,52,24,53 -> 42 (10000) [6]
12,33,52,24,54 -> 42 (10000) [6]
12,33,52,24,25 -> 42 (10000) [6]
12,33,52,24,35 -> 42 (10000) [6]
12,33,52,24,45 -> 42 (10000) [6]
12,33,52,54 -> 51 (10000) [6]
12,33,52,54,24 -> 42 (10000) [6]
12,33,52,54,15 -> 42 (10000) [6]
12,33,52,54,25 -> 42 (10000) [6]
12,33,52,54,35 -> 42 (10000) [6]
12,33,52,54,45 -> 42 (10000) [6]
12,33,52,15 -> 51 (10000) [6]
12,33,52,15,53 -> 42 (10000) [6]
12,33,52,15,54 -> 42 (10000) [6]
12,33,52,15,25 -> 42 (10000) [6]
12,33,52,15,35 -> 42 (10000) [6]
12,33,52,15,45 -> 42 (10000) [6]
12,33,55 -> 13 (10000) [6]
33,13 -> 21 (-10000) [6]
23,33,41,44,11 -> 35 (10000) [6]
23,33,41,44,35 -> 11 (10000) [6]
23,33,41,44,34 -> 11 (10000) [6]
23,33,41,44,31 -> 11 (10000) [6]
23,33,41,44,45 -> 11 (10000) [6]
12,33,55,51 -> 42 (10000) [6]
33,12,54,51,42 -> 52 (10000) [6]
33,12,54,51,52 -> 42 (10000) [6]
33,12,54,51,13 -> 42 (10000) [6]
33,12,54,51,14 -> 42 (10000) [6]
33,12,54,51,24 -> 42 (10000) [6]
33,12,54,42 -> 51 (10000) [6]
33,12,54,42,13 -> 22 (10000) [6]
33,12,54,42,14 -> 22 (10000) [6]
33,12,54,42,24 -> 22 (10000) [6]
33,12,54,42,34 -> 22 (10000) [6]
33,12,54,42,44 -> 22 (10000) [6]
33,12,54,52 -> 51 (10000) [6]
33,12,41,15 -> 21 (10000) [6]
12,33,55,51,52 -> 23 (10000) [6]
12,33,55,51,53 -> 52 (10000) [6]
12,33,55,51,24 -> 52 (10000) [6]
12,33,55,51,54 -> 52 (10000) [6]
12,33,55,51,15 -> 52 (10000) [6]
12,33,55,52 -> 51 (10000) [6]
12,33,55,52,53 -> 42 (10000) [6]
12,33,55,52,24 -> 42 (10000) [6]
12,33,55,52,54 -> 42 (10000) [6]
12,33,55,52,15 -> 42 (10000) [6]
12,33,55,52,25 -> 42 (10000) [6]
12,33,55,53 -> 51 (10000) [6]
12,33,55,53,52 -> 42 (10000) [6]
12,33,55,53,24 -> 42 (10000) [6]
12,33,55,53,15 -> 42 (10000) [6]
12,33,55,53,25 -> 42 (10000) [6]
12,33,55,53,35 -> 42 (10000) [6]
12,33,55,24 -> 51 (10000) [6]
12,33,55,24,52 -> 42 (10000) [6]
12,33,55,24,53 -> 42 (10000) [6]
12,33,55,24,54 -> 42 (10000) [6]
12,33,55,24,25 -> 42 (10000) [6]
12,33,55,24,35 -> 42 (10000) [6]
12,33,55,54 -> 51 (10000) [6]
33,22,44,25,31 -> 21 (10000) [6]
33,22,44,25,41 -> 21 (10000) [6]
33,22,44,25,45 -> 21 (10000) [6]
33,22,44,25,51 -> 21 (10000) [6]
33,22,44,25,52 -> 21 (10000) [6]
33,22,44,13 -> 51 (10000) [6]
33,12,54,52,13 -> 22 (10000) [6]
33,12,54,52,14 -> 22 (10000) [6]
33,12,54,52,24 -> 22 (10000) [6]
33,12,54,52,34 -> 22 (10000) [6]
33,12,54,52,44 -> 22 (10000) [6]
33,12,54,13 -> 51 (10000) [6]
12,33,55,54,52 -> 42 (10000) [6]
12,33,55,54,24 -> 42 (10000) [6]
12,33,55,54,15 -> 42 (10000) [6]
12,33,55,54,25 -> 42 (10000) [6]
12,33,55,54,35 -> 42 (10000) [6]
12,33,35 -> 13 (10000) [6]
33,12,41,15,25 -> 31 (10000) [6]
33,12,41,15,31 -> 25 (10000) [6]
33,12,41,15,35 -> 25 (10000) [6]
33,12,41,15,45 -> 25 (10000) [6]
33,12,41,15,51 -> 25 (10000) [6]
33,12,41,21 -> 15 (10000) [6]
33,12,54,13,42 -> 22 (10000) [6]
33,12,54,13,52 -> 22 (10000) [6]
33,12,54,13,34 -> 22 (10000) [6]
33,12,54,13,44 -> 22 (10000) [6]
33,12,54,13,15 -> 22 (10000) [6]
33,12,54,14 -> 51 (10000) [6]
33,12,41,21,25 -> 31 (10000) [6]
33,12,41,21,35 -> 25 (10000) [6]
33,12,41,21,45 -> 25 (10000) [6]
33,12,41,21,51 -> 25 (10000) [6]
33,12,41,21,52 -> 25 (10000) [6]
33,12,41,25 -> 15 (10000) [6]
12,33,35,51 -> 42 (10000) [6]
12,33,35,51,52 -> 23 (10000) [6]
12,33,35,51,53 -> 52 (10000) [6]
12,33,35,51,24 -> 52 (10000) [6]
12,33,35,51,54 -> 52 (10000) [6]
12,33,35,51,15 -> 52 (10000) [6]
12,33,35,52 -> 51 (10000) [6]
12,33,35,52,53 -> 42 (10000) [6]
12,33,35,52,24 -> 42 (10000) [6]
12,33,35,52,54 -> 42 (10000) [6]
12,33,35,52,15 -> 42 (10000) [6]
12,33,35,52,25 -> 42 (10000) [6]
12,33,35,53 -> 51 (10000) [6]
33,22,44,13,52 -> 12 (10000) [6]
33,22,44,13,14 -> 12 (10000) [6]
33,22,44,13,54 -> 12 (10000) [6]
33,22,44,13,15 -> 12 (10000) [6]
33,22,44,13,25 -> 12 (10000) [6]
33,22,44,14 -> 51 (10000) [6]
33,12,41,25,21 -> 31 (10000) [6]
33,12,41,25,31 -> 21 (10000) [6]
33,12,41,25,35 -> 21 (10000) [6]
33,12,41,25,45 -> 21 (10000) [6]
33,12,41,25,51 -> 21 (10000) [6]
33,12,41,31 -> 15 (10000) [6]
33,12,54,14,42 -> 22 (10000) [6]
33,12,54,14,52 -> 22 (10000) [6]
33,12,54,14,24 -> 22 (10000) [6]
33,12,54,14,34 -> 22 (10000) [6]
33,12,54,14,44 -> 22 (10000) [6]
33,12,44 -> 43 (10000) [6]
12,33,35,53,52 -> 42 (10000) [6]
12,33,35,53,24 -> 42 (10000) [6]
12,33,35,53,54 -> 42 (10000) [6]
12,33,35,53,15 -> 42 (10000) [6]
12,33,35,53,25 -> 42 (10000) [6]
12,33,35,24 -> 51 (10000) [6]
12,33,35,24,52 -> 42 (10000) [6]
12,33,35,24,53 -> 42 (10000) [6]
12,33,35,24,54 -> 42 (10000) [6]
12,33,35,24,25 -> 42 (10000) [6]
12,33,35,24,45 -> 42 (10000) [6]
12,33,35,54 -> 51 (10000) [6]
12,33,35,54,52 -> 42 (10000) [6]
12,33,35,54,53 -> 42 (10000) [6]
12,33,35,54,24 -> 42 (10000) [6]
12,33,35,54,15 -> 42 (10000) [6]
12,33,35,54,25 -> 42 (10000) [6]
12,33,24 -> 13 (10000) [6]
12,33,24,51 -> 42 (10000) [6]
12,33,24,51,52 -> 23 (10000) [6]
12,33,24,51,53 -> 52 (10000) [6]
12,33,24,51,54 -> 52 (10000) [6]
12,33,24,51,25 -> 52 (10000) [6]
12,33,24,51,35 -> 52 (10000) [6]
12,33,24,52 -> 51 (10000) [6]
33,22,44,14,52 -> 12 (10000) [6]
33,22,44,14,13 -> 12 (10000) [6]
33,22,44,14,54 -> 12 (10000) [6]
33,22,44,14,15 -> 12 (10000) [6]
33,22,44,14,25 -> 12 (10000) [6]
33,22,44,45 -> 15 (10000) [6]
33,12,41,31,25 -> 21 (10000) [6]
33,12,41,31,35 -> 21 (10000) [6]
33,12,41,31,45 -> 21 (10000) [6]
33,12,41,31,52 -> 21 (10000) [6]
33,12,41,31,53 -> 21 (10000) [6]
33,12,41,35 -> 15 (10000) [6]
33,11,14,42,53 -> 22 (10000) [6]
33,11,14,42,24 -> 22 (10000) [6]
33,11,14,42,34 -> 22 (10000) [6]
33,11,14,42,44 -> 22 (10000) [6]
33,11,14,42,54 -> 22 (10000) [6]
33,11,14,52 -> 12 (10000) [6]
33,22,44,45,25 -> 21 (10000) [6]
33,22,44,45,31 -> 21 (10000) [6]
33,22,44,45,41 -> 21 (10000) [6]
33,22,44,45,51 -> 21 (10000) [6]
33,22,44,45,52 -> 21 (10000) [6]
33,22,25 -> 34 (10000) [6]
33,22,25,15 -> 21 (10000) [6]
12,33,24,52,53 -> 42 (10000) [6]
12,33,24,52,54 -> 42 (10000) [6]
12,33,24,52,25 -> 42 (10000) [6]
12,33,24,52,35 -> 42 (10000) [6]
12,33,24,52,45 -> 42 (10000) [6]
12,33,24,53 -> 51 (10000) [6]
12,33,24,53,52 -> 42 (10000) [6]
12,33,24,53,54 -> 42 (10000) [6]
12,33,24,53,25 -> 42 (10000) [6]
12,33,24,53,35 -> 42 (10000) [6]
12,33,24,53,45 -> 42 (10000) [6]
12,33,24,54 -> 51 (10000) [6]
12,33,24,54,52 -> 42 (10000) [6]
12,33,24,54,53 -> 42 (10000) [6]
12,33,24,54,25 -> 42 (10000) [6]
12,33,24,54,35 -> 42 (10000) [6]
12,33,24,54,45 -> 42 (10000) [6]
12,33,24,25 -> 51 (10000) [6]
33,12,41,35,21 -> 25 (10000) [6]
33,12,41,35,25 -> 21 (10000) [6]
33,12,41,35,31 -> 21 (10000) [6]
33,12,41,35,45 -> 21 (10000) [6]
33,12,41,35,51 -> 21 (10000) [6]
33,22,25,15,31 -> 24 (10000) [6]
33,22,25,15,41 -> 24 (10000) [6]
33,22,25,15,43 -> 24 (10000) [6]
33,22,25,15,44 -> 24 (10000) [6]
33,22,25,15,45 -> 24 (10000) [6]
33,22,25,31 -> 15 (10000) [6]
12,33,24,25,52 -> 42 (10000) [6]
12,33,24,25,53 -> 42 (10000) [6]
12,33,24,25,54 -> 42 (10000) [6]
12,33,24,25,35 -> 42 (10000) [6]
12,33,24,25,45 -> 42 (10000) [6]
33,11,14,52,22 -> 42 (10000) [6]
33,11,14,52,24 -> 22 (10000) [6]
33,11,14,52,34 -> 22 (10000) [6]
33,11,14,52,44 -> 22 (10000) [6]
33,11,14,52,54 -> 22 (10000) [6]
33,11,14,53 -> 12 (10000) [6]
33,22,25,31,41 -> 21 (10000) [6]
33,22,25,31,43 -> 21 (10000) [6]
33,22,25,31,44 -> 21 (10000) [6]
33,22,25,31,45 -> 21 (10000) [6]
33,22,25,31,51 -> 21 (10000) [6]
33,22,25,41 -> 15 (10000) [6]
33,22,25,41,31 -> 21 (10000) [6]
33,22,25,41,44 -> 21 (10000) [6]
33,22,25,41,45 -> 21 (10000) [6]
33,22,25,41,51 -> 21 (10000) [6]
33,22,25,41,52 -> 21 (10000) [6]
33,22,25,43 -> 15 (10000) [6]
33,22,25,43,31 -> 21 (10000) [6]
33,22,25,43,45 -> 21 (10000) [6]
33,22,25,43,51 -> 21 (10000) [6]
33,22,25,43,52 -> 21 (10000) [6]
33,22,25,43,53 -> 21 (10000) [6]
33,22,25,44 -> 15 (10000) [6]
33,22,25,44,31 -> 21 (10000) [6]
33,22,25,44,41 -> 21 (10000) [6]
33,22,25,44,45 -> 21 (10000) [6]
33,22,25,44,51 -> 21 (10000) [6]
33,22,25,44,52 -> 21 (10000) [6]
33,22,25,51 -> 12 (10000) [6]
33,22,25,51,52 -> 42 (10000) [6]
33,22,25,51,13 -> 42 (10000) [6]
33,22,25,51,14 -> 42 (10000) [6]
33,22,25,51,34 -> 42 (10000) [6]
33,22,25,51,44 -> 42 (10000) [6]
33,22,25,52 -> 51 (10000) [6]
33,22,25,52,13 -> 12 (10000) [6]
33,22,25,52,14 -> 12 (10000) [6]
33,22,25,52,34 -> 12 (10000) [6]
33,22,25,52,44 -> 12 (10000) [6]
33,22,25,52,54 -> 12 (10000) [6]
33,22,25,13 -> 51 (10000) [6]
33,12,44,51 -> 22 (10000) [6]
33,22,25,13,52 -> 12 (10000) [6]
33,22,25,13,14 -> 12 (10000) [6]
33,22,25,13,34 -> 12 (10000) [6]
33,22,25,13,44 -> 12 (10000) [6]
33,22,25,13,54 -> 12 (10000) [6]
33,22,25,14 -> 51 (10000) [6]
33,22,25,14,52 -> 12 (10000) [6]
33,22,25,14,13 -> 12 (10000) [6]
33,22,25,14,44 -> 12 (10000) [6]
33,22,25,14,54 -> 12 (10000) [6]
33,22,25,14,15 -> 12 (10000) [6]
33,22,25,34 -> 51 (10000) [6]
33,22,25,34,52 -> 12 (10000) [6]
33,22,25,34,13 -> 12 (10000) [6]
33,22,25,34,54 -> 12 (10000) [6]
33,22,25,34,15 -> 12 (10000) [6]
33,22,25,34,35 -> 12 (10000) [6]
33,22,45 -> 43 (10000) [6]
33,22,45,51 -> 12 (10000) [6]
33,22,45,51,52 -> 42 (10000) [6]
33,22,45,51,13 -> 42 (10000) [6]
33,22,45,51,14 -> 42 (10000) [6]
33,22,45,51,34 -> 42 (10000) [6]
33,22,45,51,44 -> 42 (10000) [6]
33,22,45,52 -> 51 (10000) [6]
33,22,45,52,13 -> 12 (10000) [6]
33,22,45,52,14 -> 12 (10000) [6]
33,22,45,52,34 -> 12 (10000) [6]
33,22,45,52,44 -> 12 (10000) [6]
33,22,45,52,54 -> 12 (10000) [6]
33,22,45,13 -> 51 (10000) [6]
33,22,45,13,52 -> 12 (10000) [6]
33,22,45,13,14 -> 12 (10000) [6]
33,22,45,13,34 -> 12 (10000) [6]
33,22,45,13,44 -> 12 (10000) [6]
33,22,45,13,54 -> 12 (10000) [6]
33,22,45,14 -> 51 (10000) [6]
33,22,45,14,52 -> 12 (10000) [6]
33,22,45,14,13 -> 12 (10000) [6]
33,22,45,14,44 -> 12 (10000) [6]
33,22,45,14,54 -> 12 (10000) [6]
33,22,45,14,15 -> 12 (10000) [6]
33,22,45,34 -> 51 (10000) [6]
33,22,45,34,52 -> 12 (10000) [6]
33,22,45,34,13 -> 12 (10000) [6]
33,22,45,34,54 -> 12 (10000) [6]
33,22,45,34,15 -> 12 (10000) [6]
33,22,45,34,25 -> 12 (10000) [6]
33,22,45,15 -> 21 (10000) [6]
33,22,45,15,25 -> 24 (10000) [6]
33,22,45,15,31 -> 24 (10000) [6]
33,22,45,15,41 -> 24 (10000) [6]
33,22,45,15,43 -> 24 (10000) [6]
33,22,45,15,44 -> 24 (10000) [6]
33,22,45,25 -> 15 (10000) [6]
33,22,45,25,31 -> 21 (10000) [6]
33,22,45,25,41 -> 21 (10000) [6]
33,22,45,25,43 -> 21 (10000) [6]
33,22,45,25,44 -> 21 (10000) [6]
33,22,45,25,51 -> 21 (10000) [6]
33,22,45,31 -> 15 (10000) [6]
33,22,45,31,25 -> 21 (10000) [6]
33,22,45,31,41 -> 21 (10000) [6]
33,22,45,31,43 -> 21 (10000) [6]
33,22,45,31,44 -> 21 (10000) [6]
33,22,45,31,51 -> 21 (10000) [6]
33,22,45,41 -> 15 (10000) [6]
33,22,45,41,25 -> 21 (10000) [6]
33,22,45,41,31 -> 21 (10000) [6]
33,22,45,41,44 -> 21 (10000) [6]
33,22,45,41,51 -> 21 (10000) [6]
33,22,45,41,52 -> 21 (10000) [6]
33,22,45,43 -> 15 (10000) [6]
33,22,45,43,25 -> 21 (10000) [6]
33,22,45,43,31 -> 21 (10000) [6]
33,22,45,43,51 -> 21 (10000) [6]
33,22,45,43,52 -> 21 (10000) [6]
33,22,45,43,53 -> 21 (10000) [6]
33,12,44,51,42 -> 52 (10000) [6]
33,12,44,51,52 -> 42 (10000) [6]
33,12,44,51,13 -> 42 (10000) [6]
33,12,44,51,14 -> 42 (10000) [6]
33,12,44,51,24 -> 42 (10000) [6]
33,12,44,42 -> 51 (10000) [6]
33,11,14,53,22 -> 42 (10000) [6]
33,11,14,53,42 -> 22 (10000) [6]
33,11,14,53,24 -> 22 (10000) [6]
33,11,14,53,34 -> 22 (10000) [6]
33,11,14,53,44 -> 22 (10000) [6]
33,11,45 -> 32 (10000) [6]
33,12,44,42,13 -> 22 (10000) [6]
33,12,44,42,14 -> 22 (10000) [6]
33,12,44,42,24 -> 22 (10000) [6]
33,12,44,42,34 -> 22 (10000) [6]
33,12,44,42,54 -> 22 (10000) [6]
33,12,44,52 -> 51 (10000) [6]
33,12,44,52,13 -> 22 (10000) [6]
33,12,44,52,14 -> 22 (10000) [6]
33,12,44,52,24 -> 22 (10000) [6]
33,12,44,52,34 -> 22 (10000) [6]
33,12,44,52,54 -> 22 (10000) [6]
33,12,44,13 -> 51 (10000) [6]
33,12,44,13,42 -> 22 (10000) [6]
33,12,44,13,52 -> 22 (10000) [6]
33,12,44,13,34 -> 22 (10000) [6]
33,12,44,13,54 -> 22 (10000) [6]
33,12,44,13,15 -> 22 (10000) [6]
33,12,44,14 -> 51 (10000) [6]
33,12,44,14,42 -> 22 (10000) [6]
33,12,44,14,52 -> 22 (10000) [6]
33,12,44,14,24 -> 22 (10000) [6]
33,12,44,14,34 -> 22 (10000) [6]
33,12,44,14,54 -> 22 (10000) [6]
33,11,45,21 -> 22 (10000) [6]
33,11,45,21,24 -> 25 (10000) [6]
33,11,45,21,25 -> 24 (10000) [6]
33,11,45,21,35 -> 24 (10000) [6]
33,11,45,21,41 -> 24 (10000) [6]
33,11,45,21,42 -> 24 (10000) [6]
33,11,45,22 -> 21 (10000) [6]
33,11,45,22,25 -> 24 (10000) [6]
33,11,45,22,35 -> 24 (10000) [6]
33,11,45,22,41 -> 24 (10000) [6]
33,11,45,22,42 -> 24 (10000) [6]
33,11,45,22,43 -> 24 (10000) [6]
33,11,45,24 -> 21 (10000) [6]
33,11,45,24,35 -> 22 (10000) [6]
33,11,45,24,41 -> 22 (10000) [6]
33,11,45,24,42 -> 22 (10000) [6]
33,11,45,24,43 -> 22 (10000) [6]
33,11,45,24,44 -> 22 (10000) [6]
33,11,45,25 -> 21 (10000) [6]
33,11,45,25,22 -> 24 (10000) [6]
33,11,45,25,41 -> 22 (10000) [6]
33,11,45,25,42 -> 22 (10000) [6]
33,11,45,25,43 -> 22 (10000) [6]
33,11,45,25,44 -> 22 (10000) [6]
33,11,45,35 -> 21 (10000) [6]
33,11,45,35,22 -> 24 (10000) [6]
33,11,45,35,24 -> 22 (10000) [6]
33,11,45,35,41 -> 22 (10000) [6]
33,11,45,35,42 -> 22 (10000) [6]
33,11,45,35,43 -> 22 (10000) [6]
33,11,24 -> 23 (10000) [6]
33,11,24,12 -> 22 (10000) [6]
33,11,24,12,42 -> 52 (10000) [6]
33,11,24,12,52 -> 42 (10000) [6]
33,11,24,12,53 -> 42 (10000) [6]
33,11,24,12,14 -> 42 (10000) [6]
33,11,24,12,34 -> 42 (10000) [6]
33,11,24,22 -> 12 (10000) [6]
33,11,24,22,52 -> 42 (10000) [6]
33,11,24,22,53 -> 42 (10000) [6]
33,11,24,22,14 -> 42 (10000) [6]
33,11,24,22,34 -> 42 (10000) [6]
33,11,24,22,44 -> 42 (10000) [6]
33,11,24,42 -> 12 (10000) [6]
33,11,24,42,53 -> 22 (10000) [6]
33,11,24,42,14 -> 22 (10000) [6]
33,11,24,42,34 -> 22 (10000) [6]
33,11,24,42,44 -> 22 (10000) [6]
33,11,24,42,54 -> 22 (10000) [6]
33,11,24,52 -> 12 (10000) [6]
33,11,24,52,22 -> 42 (10000) [6]
33,11,24,52,14 -> 22 (10000) [6]
33,11,24,52,34 -> 22 (10000) [6]
33,11,24,52,44 -> 22 (10000) [6]
33,11,24,52,54 -> 22 (10000) [6]
33,11,24,53 -> 12 (10000) [6]
33,11,24,53,22 -> 42 (10000) [6]
33,11,24,53,42 -> 22 (10000) [6]
33,11,24,53,14 -> 22 (10000) [6]
33,11,24,53,34 -> 22 (10000) [6]
33,11,24,53,44 -> 22 (10000) [6]
33,11,25 -> 32 (10000) [6]
33,11,25,21 -> 22 (10000) [6]
33,11,25,21,41 -> 24 (10000) [6]
33,11,25,21,42 -> 24 (10000) [6]
33,11,25,21,43 -> 24 (10000) [6]
33,11,25,21,44 -> 24 (10000) [6]
33,11,25,21,45 -> 24 (10000) [6]
33,11,25,22 -> 21 (10000) [6]
33,11,25,22,41 -> 24 (10000) [6]
33,11,25,22,42 -> 24 (10000) [6]
33,11,25,22,43 -> 24 (10000) [6]
33,11,25,22,44 -> 24 (10000) [6]
33,11,25,22,45 -> 24 (10000) [6]
33,11,25,41 -> 21 (10000) [6]
33,11,25,41,22 -> 24 (10000) [6]
33,11,25,41,42 -> 22 (10000) [6]
33,11,25,41,43 -> 22 (10000) [6]
33,11,25,41,44 -> 22 (10000) [6]
33,11,25,41,45 -> 22 (10000) [6]
33,11,25,42 -> 21 (10000) [6]
33,11,25,42,22 -> 24 (10000) [6]
33,11,25,42,41 -> 22 (10000) [6]
33,11,25,42,43 -> 22 (10000) [6]
33,11,25,42,44 -> 22 (10000) [6]
33,11,25,42,45 -> 22 (10000) [6]
33,11,25,43 -> 21 (10000) [6]
33,11,25,43,22 -> 24 (10000) [6]
33,11,25,43,41 -> 22 (10000) [6]
33,11,25,43,42 -> 22 (10000) [6]
33,11,25,43,44 -> 22 (10000) [6]
33,11,25,43,45 -> 22 (10000) [6]
33,11,35 -> 32 (10000) [6]
33,11,35,21 -> 22 (10000) [6]
33,11,35,21,24 -> 25 (10000) [6]
33,11,35,21,41 -> 24 (10000) [6]
33,11,35,21,42 -> 24 (10000) [6]
33,11,35,21,43 -> 24 (10000) [6]
33,11,35,21,44 -> 24 (10000) [6]
33,11,35,22 -> 21 (10000) [6]
33,11,35,22,41 -> 24 (10000) [6]
33,11,35,22,42 -> 24 (10000) [6]
33,11,35,22,43 -> 24 (10000) [6]
33,11,35,22,44 -> 24 (10000) [6]
33,11,35,22,45 -> 24 (10000) [6]
33,11,35,24 -> 21 (10000) [6]
33,11,35,24,41 -> 22 (10000) [6]
33,11,35,24,42 -> 22 (10000) [6]
33,11,35,24,43 -> 22 (10000) [6]
33,11,35,24,44 -> 22 (10000) [6]
33,11,35,24,45 -> 22 (10000) [6]
33,11,35,41 -> 21 (10000) [6]
33,11,35,41,22 -> 24 (10000) [6]
33,11,35,41,24 -> 22 (10000) [6]
33,11,35,41,42 -> 22 (10000) [6]
33,11,35,41,43 -> 22 (10000) [6]
33,11,35,41,44 -> 22 (10000) [6]
33,11,35,42 -> 21 (10000) [6]
33,11,35,42,22 -> 24 (10000) [6]
33,11,35,42,24 -> 22 (10000) [6]
33,11,35,42,41 -> 22 (10000) [6]
33,11,35,42,43 -> 22 (10000) [6]
33,11,35,42,44 -> 22 (10000) [6]
